x                   |Actual sin^2(x)     |Approximation       |Error               |Steps               
-20.000000000       |0.833469031         |-0.111752900        |0.945221931         |54                  
-19.000000000       |0.022463178         |0.153156818         |0.130693640         |51                  
-18.000000000       |0.563981845         |0.554988096         |0.008993749         |49                  
-17.000000000       |0.924285137         |0.922940407         |0.001344730         |46                  
-16.000000000       |0.082888320         |0.089551861         |0.006663541         |43                  
-15.000000000       |0.422874275         |0.424512028         |0.001637753         |41                  
-14.000000000       |0.981302933         |0.978338159         |0.002964774         |38                  
-13.000000000       |0.176540339         |0.182017951         |0.005477612         |35                  
-12.000000000       |0.287910496         |0.277794353         |0.010116144         |32                  
-11.000000000       |0.999980413         |0.997571939         |0.002408474         |30                  
-10.000000000       |0.295958969         |0.300475828         |0.004516859         |27                  
-9.000000000        |0.169841646         |0.161348402         |0.008493244         |24                  
-8.000000000        |0.978829740         |0.976830465         |0.001999275         |22                  
-7.000000000        |0.431631391         |0.435479181         |0.003847790         |19                  
-6.000000000        |0.078073021         |0.070600268         |0.007472753         |16                  
-5.000000000        |0.919535765         |0.917825109         |0.001710656         |14                  
-4.000000000        |0.572750017         |0.576210449         |0.003460432         |11                  
-3.000000000        |0.019914857         |0.012679892         |0.007234965         |8                   
-2.000000000        |0.826821810         |0.825379723         |0.001442087         |6                   
-1.000000000        |0.708073418         |0.711111111         |0.003037693         |3                   
0.000000000         |0.000000000         |0.000000000         |0.000000000         |1                   
1.000000000         |0.708073418         |0.711111111         |0.003037693         |3                   
2.000000000         |0.826821810         |0.825379723         |0.001442087         |6                   
3.000000000         |0.019914857         |0.012679892         |0.007234965         |8                   
4.000000000         |0.572750017         |0.576210449         |0.003460432         |11                  
5.000000000         |0.919535765         |0.917825109         |0.001710656         |14                  
6.000000000         |0.078073021         |0.070600268         |0.007472753         |16                  
7.000000000         |0.431631391         |0.435479181         |0.003847790         |19                  
8.000000000         |0.978829740         |0.976830465         |0.001999275         |22                  
9.000000000         |0.169841646         |0.161348402         |0.008493244         |24                  
10.000000000        |0.295958969         |0.300475828         |0.004516859         |27                  
11.000000000        |0.999980413         |0.997571939         |0.002408474         |30                  
12.000000000        |0.287910496         |0.277794353         |0.010116144         |32                  
13.000000000        |0.176540339         |0.182017951         |0.005477612         |35                  
14.000000000        |0.981302933         |0.978338159         |0.002964774         |38                  
15.000000000        |0.422874275         |0.424512028         |0.001637753         |41                  
16.000000000        |0.082888320         |0.089551861         |0.006663541         |43                  
17.000000000        |0.924285137         |0.922940407         |0.001344730         |46                  
18.000000000        |0.563981845         |0.554988096         |0.008993749         |49                  
19.000000000        |0.022463178         |0.153156818         |0.130693640         |51                  
20.000000000        |0.833469031         |-0.111752900        |0.945221931         |54                  
